4.420394 0.000000
0.000677 -10.376136
6.362503 -0.311733
7.599407 1.818893
6.777415 -0.585360
6.482512 -3.638785
0.607576 -6.142233
-4.984261 7.383106
6.759804 -2.383894
-2.714393 -3.671125
9.454739 -1.532482
8.574092 -0.820796
7.324721 5.312301
-5.000354 10.204667
-4.519131 -7.723454
-1.609069 -0.382506
-8.584040 -0.878949
-3.331697 -3.999779
9.083624 4.894541
2.920278 -2.544755
-1.676073 -3.242630
13.361833 -3.359616
-8.105091 -1.137927
10.615778 6.199194
1.076582 7.424974
7.145373 2.486240
-9.141034 13.705012
4.828433 11.098674
-7.912727 -5.157528
-9.039368 8.028132
1.098266 8.705058
-3.319020 -0.349735
-1.625915 -8.120417
-0.354336 4.243458
-7.637312 12.501884
1.614285 -9.060455
1.473733 4.969768
-7.216555 -3.753913
0.549109 5.885797
-1.471667 2.039557
-2.746904 6.032329
-4.813201 1.255011
-8.181272 -10.959514
-9.100213 4.244449
1.625994 2.863981
13.287761 6.875015
2.182317 -3.937336
4.903299 6.235997
-6.029286 -1.099816
7.302286 -0.648100
-7.287018 5.302522
4.687184 -10.794771
-4.173001 7.289528
-4.165075 -10.264920
5.053326 0.755399
-0.091660 11.409930
1.480487 -5.307241
2.767455 2.632594
-1.481773 -7.674016
2.694929 -9.981916
9.974431 11.185599
6.639252 1.442194
-11.388132 -2.975556
0.137760 -13.448682
4.443817 2.670613
13.223989 3.432213
-2.772348 7.106575
-14.240957 -8.782644
0.257706 -1.549657
-4.270106 3.132368
6.171249 13.421939
14.067591 -1.946611
-2.126445 9.603283
2.825025 -7.146043
-4.997430 1.467390
-3.417129 2.752912
-5.929592 -4.118137
6.542007 12.508292
7.643255 -0.604185
-5.913031 5.397295
1.987501 -4.411145
-4.830650 -2.778794
-11.604255 0.317191
2.177721 -2.599391
-2.872287 2.012309
-10.500236 -5.655150
-6.044396 3.349076
0.222538 -1.248668
8.452565 0.352617
9.179135 1.062065
1.480448 10.072777
4.114454 -0.962706
2.524441 -2.937568
-3.342484 -5.898910
4.910176 -1.919012
10.641010 1.969696
5.751451 -1.915516
-8.337913 -4.776751
0.962000 3.227208
-0.969776 3.574111
1.158270 -2.097828
6.686941 -0.678391
1.126990 -6.581006
10.526537 5.980321
-5.465776 -7.076690
3.455426 -8.783557
10.026308 -1.939806
10.060079 -8.076487
-10.386699 -7.591119
9.528044 4.274256
0.940250 0.162055
-0.436565 7.224306
0.960318 6.154623
2.014813 -0.204708
-1.709046 -3.727800
-1.527225 -3.792099
-0.540036 2.687519
-9.179542 -3.245312
0.911700 1.894384
-10.182649 6.600722
-12.806782 -7.339631
-4.088617 4.385364
6.364505 -2.810020
1.413520 -4.149206
6.845976 15.230692
-1.641203 -2.078058
1.475391 11.101898
11.349983 8.348349
15.102238 0.000000
11.349983 -8.348349
1.475391 -11.101898
-1.641203 2.078058
6.845976 -15.230692
1.413520 4.149206
6.364505 2.810020
-4.088617 -4.385364
-12.806782 7.339631
-10.182649 -6.600722
0.911700 -1.894384
-9.179542 3.245312
-0.540036 -2.687519
-1.527225 3.792099
-1.709046 3.727800
2.014813 0.204708
0.960318 -6.154623
-0.436565 -7.224306
0.940250 -0.162055
9.528044 -4.274256
-10.386699 7.591119
10.060079 8.076487
10.026308 1.939806
3.455426 8.783557
-5.465776 7.076690
10.526537 -5.980321
1.126990 6.581006
6.686941 0.678391
1.158270 2.097828
-0.969776 -3.574111
0.962000 -3.227208
-8.337913 4.776751
5.751451 1.915516
10.641010 -1.969696
4.910176 1.919012
-3.342484 5.898910
2.524441 2.937568
4.114454 0.962706
1.480448 -10.072777
9.179135 -1.062065
8.452565 -0.352617
0.222538 1.248668
-6.044396 -3.349076
-10.500236 5.655150
-2.872287 -2.012309
2.177721 2.599391
-11.604255 -0.317191
-4.830650 2.778794
1.987501 4.411145
-5.913031 -5.397295
7.643255 0.604185
6.542007 -12.508292
-5.929592 4.118137
-3.417129 -2.752912
-4.997430 -1.467390
2.825025 7.146043
-2.126445 -9.603283
14.067591 1.946611
6.171249 -13.421939
-4.270106 -3.132368
0.257706 1.549657
-14.240957 8.782644
-2.772348 -7.106575
13.223989 -3.432213
4.443817 -2.670613
0.137760 13.448682
-11.388132 2.975556
6.639252 -1.442194
9.974431 -11.185599
2.694929 9.981916
-1.481773 7.674016
2.767455 -2.632594
1.480487 5.307241
-0.091660 -11.409930
5.053326 -0.755399
-4.165075 10.264920
-4.173001 -7.289528
4.687184 10.794771
-7.287018 -5.302522
7.302286 0.648100
-6.029286 1.099816
4.903299 -6.235997
2.182317 3.937336
13.287761 -6.875015
1.625994 -2.863981
-9.100213 -4.244449
-8.181272 10.959514
-4.813201 -1.255011
-2.746904 -6.032329
-1.471667 -2.039557
0.549109 -5.885797
-7.216555 3.753913
1.473733 -4.969768
1.614285 9.060455
-7.637312 -12.501884
-0.354336 -4.243458
-1.625915 8.120417
-3.319020 0.349735
1.098266 -8.705058
-9.039368 -8.028132
-7.912727 5.157528
4.828433 -11.098674
-9.141034 -13.705012
7.145373 -2.486240
1.076582 -7.424974
10.615778 -6.199194
-8.105091 1.137927
13.361833 3.359616
-1.676073 3.242630
2.920278 2.544755
9.083624 -4.894541
-3.331697 3.999779
-8.584040 0.878949
-1.609069 0.382506
-4.519131 7.723454
-5.000354 -10.204667
7.324721 -5.312301
8.574092 0.820796
9.454739 1.532482
-2.714393 3.671125
6.759804 2.383894
-4.984261 -7.383106
0.607576 6.142233
6.482512 3.638785
6.777415 0.585360
7.599407 -1.818893
6.362503 0.311733
0.000677 10.376136
