0.631241
-0.344999
-0.118561
0.418983
0.127151
0.848986
0.506071
-0.437555
0.732254
-0.468598
0.914931
-0.275033
0.190534
-0.482203
0.754111
-0.661921
0.387022
0.377775
0.208173
-0.933912
0.573046
-0.518725
0.894566
0.095408
-0.512868
0.434517
0.242488
0.133026
0.284779
0.266860
-0.457245
-0.821750
0.653555
-0.392085
-0.437560
-0.595409
0.310316
-0.734205
-0.136986
0.287602
0.666761
-0.392782
-0.244613
0.503595
-0.126817
-0.587418
0.887735
-0.832069
-0.531544
-0.622770
0.832323
0.809873
0.155779
-0.547846
0.107917
0.158011
0.611856
0.065100
0.849440
0.711479
-0.562271
-0.427800
0.350176
0.007053
0.332482
0.319434
-0.053478
0.984561
0.428203
-0.436403
0.345648
-0.883757
0.141613
0.400803
0.469831
0.759586
0.468078
-0.293528
-0.868970
-0.388960
0.160823
-0.914916
0.226443
-0.396879
0.716036
-0.380406
0.845561
0.005806
-0.268491
0.022335
-0.856645
-0.066327
0.222466
0.425886
0.401657
0.214214
0.625492
0.353005
0.458022
0.796224
-0.929437
0.896822
0.561410
0.273223
-0.913312
0.622861
0.310805
-0.407061
-0.960186
0.380855
-0.006173
0.164685
0.825769
0.618816
-0.717195
0.078562
-0.591473
-0.689065
-0.899790
0.460733
0.095078
-0.289673
0.518271
0.029257
0.517375
-0.177992
0.390857
0.311781
-0.673484
-0.600506
0.318124
0.729860
0.380822
-0.055003
0.908947
0.374664
0.752627
-0.673718
-0.588146
0.044827
-0.896498
0.543872
0.581290
-0.399838
-0.708979
-0.666779
0.741295
0.633009
0.543805
-0.881408
-0.802117
-0.104042
0.963956
-0.569584
0.446899
0.177100
0.628089
0.246131
-0.088158
-0.635903
-0.943687
0.407491
0.308638
-0.281829
-0.781402
-0.326813
0.201090
0.858417
-0.981909
0.942523
0.864166
0.491084
-0.122572
-0.126529
-0.576509
-0.617668
0.398576
-0.184710
-0.257867
-0.332190
-0.143563
-0.314724
-0.954240
0.365651
0.517497
0.267384
0.438042
-0.277206
0.115419
0.053541
-0.879041
0.069061
-0.110209
0.465093
-0.742335
-0.333506
0.404187
-0.498724
-0.650363
-0.654548
0.459297
0.053214
-0.872073
-0.463095
0.880171
0.078559
-0.668213
-0.549592
0.703203
0.485775
0.549841
-0.911865
0.664228
0.611726
-0.686190
-0.315005
0.926185
-0.571304
-0.563370
-0.840375
-0.949273
0.080018
-0.656353
0.412229
-0.434847
-0.435668
-0.487041
0.641974
-0.285129
0.088586
0.042751
-0.166490
0.327159
0.919807
0.462832
0.564596
-0.363175
-0.497387
-0.855448
-0.269172
-0.482267
-0.733059
0.623876
-0.505732
0.980495
0.358634
0.250406
-0.321255
0.231817
-0.427692
-0.964961
0.523511
0.640717
0.622848
0.933755
0.255144
