4.504513 0.000000
-1.980300 -2.315683
-3.177074 1.584046
2.485622 1.677898
-1.856968 -0.844444
1.618028 4.149785
-1.260628 1.703673
-2.560625 -2.670814
-1.184257 -2.939788
0.796225 0.447099
-2.753271 0.235525
3.734611 -2.431349
-3.317913 3.816982
-1.302112 0.282528
-1.299532 2.872342
-1.559325 0.713805
-3.119027 0.000000
-1.559325 -0.713805
-1.299532 -2.872342
-1.302112 -0.282528
-3.317913 -3.816982
3.734611 2.431349
-2.753271 -0.235525
0.796225 -0.447099
-1.184257 2.939788
-2.560625 2.670814
-1.260628 -1.703673
1.618028 -4.149785
-1.856968 0.844444
2.485622 -1.677898
-3.177074 -1.584046
-1.980300 2.315683
